10 POKE55,0:POKE56,76
20 FORI=19456TO20307
30 READII:POKEI,II
40 NEXT:END
1000 DATA169,80,133,168,169,0,133,167,168,162,16,169,32,145,167,200,208,251
1010 DATA202,240,4,230,168,208,244,96,234,169,0,133,251,168,169,16,133,253,169
1020 DATA24,133,252,133,254,169,148,133,255,177,167,41,63,145,252,169,6,145
1030 DATA254,200,152,197,251,208,240,165,251,208,12,169,200,133,251,230,168
1040 DATA230,253,230,255,208,224,96,234,234,234,234,234,234,234,169,0,133,0
1050 DATA169,18,133,1,230,0,208,2,230,1,160,0,177,0,201,255,240,82,205,64,3
1060 DATA208,237,200,177,0,205,65,3,208,229,200,177,0,205,66,3,208,221,206,67
1070 DATA3,173,67,3,10,24,101,0,133,0,169,0,101,1,133,1,200,169,64,133,2,177
1080 DATA0,36,2,240,3,24,105,9,41,15,10,10,10,10,141,68,3,200,177,0,36,2,240
1090 DATA3,24,105,9,41,15,24,109,68,3,141,68,3,96,169,3,141,68,3,96,160,0,165
1100 DATA162,41,16,208,7,177,167,9,128,145,167,96,177,167,41,63,145,167,96,169
1110 DATA3,162,8,168,32,186,255,173,175,2,162,176,160,2,32,189,255,32,192,255
1120 DATA162,3,32,201,255,169,80,133,252,160,0,132,251,132,253,177,251,201,32
1130 DATA208,4,230,253,208,4,162,0,134,253,166,253,224,24,240,10,32,210,255
1140 DATA200,208,230,230,252,208,226,32,204,255,169,3,32,195,255,96,169,3,162
1150 DATA8,160,3,32,186,255,173,175,2,162,176,160,2,32,189,255,32,192,255,162
1160 DATA3,32,198,255,169,80,133,252,160,0,132,251,32,183,255,201,64,240,12
1170 DATA32,207,255,145,251,200,208,241,230,252,208,237,32,204,255,169,3,32
1180 DATA195,255,96,169,192,133,252,169,95,133,253,160,0,177,252,160,24,145
1190 DATA252,56,165,252,233,1,133,252,165,253,233,0,133,253,197,168,208,231
1200 DATA165,252,197,167,208,225,169,32,145,167,136,208,251,96,169,192,133,252
1210 DATA169,95,133,253,160,24,177,167,160,0,145,167,230,167,208,2,230,168,165
1220 DATA167,197,252,208,236,165,168,197,253,208,230,96,160,0,169,18,133,1,169
1230 DATA0,133,0,200,208,2,230,1,177,0,201,255,240,70,197,167,208,237,230,0
1240 DATA177,0,197,168,208,229,162,2,152,72,165,1,72,136,192,255,208,2,198,1
1250 DATA232,177,0,201,42,208,242,138,41,1,208,8,104,133,1,104,168,24,144,195
1260 DATA200,138,56,233,5,74,201,1,48,238,133,254,162,3,177,0,149,250,200,202
1270 DATA208,248,240,4,169,15,133,254,104,104,96,24,165,47,105,10,133,0,165
1280 DATA48,105,2,133,1,162,0,169,7,133,167,169,80,133,168,160,0,177,167,201
1290 DATA32,240,39,169,3,145,0,200,185,166,0,145,0,192,2,208,246,232,24,165
1300 DATA0,105,3,133,0,144,2,230,1,24,165,167,105,24,133,167,144,213,230,168
1310 DATA208,209,142,161,2,169,0,133,167,169,80,133,168,133,170,169,10,133,169
1320 DATA165,47,24,105,9,133,0,165,48,105,0,133,1,165,47,105,11,133,171,165
1330 DATA48,105,4,133,172,160,0,169,6,145,0,169,14,145,171,200,185,166,0,145
1340 DATA0,185,168,0,145,171,192,2,208,241,160,0,24,185,0,0,105,3,153,0,0,185
1350 DATA1,0,105,0,153,1,0,192,171,240,4,160,171,208,231,160,0,24,185,167,0
1360 DATA105,24,153,167,0,185,168,0,105,0,153,168,0,192,2,240,4,160,2,208,231
1370 DATA202,208,174,162,0,134,2,24,165,47,105,9,133,0,165,48,105,0,133,1,160
1380 DATA2,177,0,153,166,0,136,208,248,177,0,240,68,177,167,201,32,208,17,56
1390 DATA177,0,233,1,145,0,240,53,230,167,208,2,230,168,208,233,160,2,185,166
1400 DATA0,145,0,136,208,248,177,0,56,233,1,24,200,113,0,133,167,200,177,0,105
1410 DATA0,133,168,160,0,177,167,201,32,208,9,56,177,0,233,1,145,0,208,221,24
1420 DATA165,0,105,3,133,0,144,2,230,1,232,208,160,230,2,165,2,201,2,208,152,96

