212 FORI=49318TO49355:READII:POKEI,II:NEXT
222 FORI=51536TO51982:READII:POKEI,II:NEXT
232 FORI=52826TO52904:READII:POKEI,II:NEXT
242 FORI=49248TO49279:READII:POKEI,II:NEXT
300 ++++++++++++++++++++++++++++++++++++++++++++++++++++++
310 +                                                    +
320 +   ***  ****  ****     ****   ***   ***  ***  ***   +
330 +  *   * *   * *   *    *   * *   * *      *  *   *  +
340 +  ***** *   * ****     ****  *****  ***   *  *      +
350 +  *   * *   * *        *   * *   *     *  *  *   *  +
360 +  *   * ****  *        ****  *   *  ***  ***  ***   +
370 +                                                    +
380 +             --------------------------             +
390 +             (C)  1984     ADP SOFTWARE             +
400 +             --------------------------             +
410 +                                                    +
500 ++++++++++++++++++++++++++++++++++++++++++++++++++++++
4202 DATA225,252,96,192,42,198,42,198,137,201,236,201,251,201,4,202,22,202,31
4212 DATA202,97,202,118,202,135,202,139,202,143,202,147,202,197,202,230,202,249
4222 DATA202
4252 REM **************************************************************
4302 DATA32,204,255,32,231,255,169,70,162,6,160,0,32,186,255,169,0,32,189,255
4312 DATA32,192,255,96,168,9,80,72,162,6,32,186,255,169,0,32,189,255,32,192,255
4322 DATA104,170,32,201,255,96,32,204,255,9,80,32,195,255,76,248,168,32,121,0
4332 DATA201,145,240,19,201,224,240,26,201,223,240,36,201,225,240,47,201,226
4342 DATA240,58,76,43,198,32,80,201,162,70,32,201,255,76,248,168,169,13,32,210
4352 DATA255,32,204,255,32,231,255,76,248,168,169,7,32,104,201,169,0,32,210,255
4362 DATA169,7,76,127,201,169,6,32,104,201,169,49,32,210,255,169,6,76,127,201
4372 DATA169,6,32,104,201,169,48,32,210,255,169,6,76,127,201,234,234,234,169
4382 DATA1,32,104,201,169,72,32,210,255,169,1,76,127,201,169,1,32,104,201,169
4392 DATA73,208,239,169,1,32,104,201,169,77,32,210,255,32,70,202,169,1,76,127
4402 DATA201,169,1,32,104,201,169,68,208,236,32,121,0,201,230,240,7,201,231,240
4412 DATA15,76,43,198,32,115,0,169,1,32,104,201,169,82,208,210,32,115,0,169,1
4422 DATA32,104,201,169,74,208,198,32,158,173,32,221,189,32,30,171,32,121,0,32
4432 DATA210,255,32,115,0,32,158,173,32,221,189,32,30,171,96,169,2,32,104,201
4442 DATA32,158,183,138,41,3,9,48,32,210,255,169,2,76,127,201,169,48,72,169,2
4452 DATA32,104,201,104,32,210,255,169,2,76,127,201,169,49,208,237,169,50,208
4462 DATA233,169,51,208,229,32,158,183,138,201,10,240,17,201,20,240,13,201,40
4472 DATA240,9,201,80,240,5,162,14,76,139,227,162,254,232,10,144,252,138,72,169
4482 DATA3,32,104,201,104,170,169,0,32,205,189,169,3,76,127,201,32,121,0,201
4492 DATA145,240,7,201,224,240,3,76,43,198,41,1,9,48,72,169,4,32,104,201,104
4502 DATA32,210,255,169,4,76,127,201,169,5,32,104,201,32,158,173,32,221,189,32
4512 DATA30,171,169,5,76,127,201,32,80,201,162,70,32,201,255,169,13,32,160,170
4522 DATA32,204,255,169,70,76,127,201
4552 REM **************************************************************
4602 DATA82,69,83,69,212,79,70,198,83,77,65,76,204,67,65,208,80,204,72,79,77
4612 DATA197,83,69,212,77,79,86,197,68,82,65,215,82,69,204,67,79,76,79,210,66
4622 DATA76,65,67,203,66,76,85,197,71,82,69,69,206,82,69,196,83,73,90,197,82
4632 DATA79,84,65,84,197,66,82,79,75,69,206,87,82,73,84,197
4652 REM **************************************************************
4702 DATA96,169,167,141,7,3,141,9,3,169,165,141,5,3,169,124,141,4,3,169,26,141
4712 DATA6,3,169,228,141,8,3,76,248,168

